7.202270030975341797e-01
7.113609313964843750e-01
7.095061540603637695e-01
7.023524045944213867e-01
6.956226229667663574e-01
6.884532570838928223e-01
6.856796741485595703e-01
6.805118918418884277e-01
6.728204488754272461e-01
6.669138669967651367e-01
6.633235216140747070e-01
6.559833884239196777e-01
6.513919830322265625e-01
6.435338258743286133e-01
6.406198740005493164e-01
6.412677764892578125e-01
6.291179656982421875e-01
6.158506274223327637e-01
6.195114254951477051e-01
6.111401319503784180e-01
6.079421043395996094e-01
6.037124991416931152e-01
6.046848893165588379e-01
5.887816548347473145e-01
5.893184542655944824e-01
5.883406400680541992e-01
5.798051953315734863e-01
5.886048078536987305e-01
5.782881379127502441e-01
5.626593232154846191e-01
5.430932044982910156e-01
5.522058010101318359e-01
5.692834854125976562e-01
5.738687515258789062e-01
5.987812280654907227e-01
5.813283920288085938e-01
5.562463998794555664e-01
5.568722486495971680e-01
5.632447600364685059e-01
5.529659390449523926e-01
5.945031046867370605e-01
5.532239675521850586e-01
5.555545091629028320e-01
5.652948617935180664e-01
5.940613150596618652e-01
5.544759035110473633e-01
5.404677987098693848e-01
5.437046885490417480e-01
5.752151608467102051e-01
5.779876708984375000e-01
5.470502376556396484e-01
5.430108308792114258e-01
5.349363088607788086e-01
5.434206128120422363e-01
5.576733946800231934e-01
5.344082117080688477e-01
5.438888072967529297e-01
5.528034567832946777e-01
5.563461780548095703e-01
5.447261333465576172e-01
5.430076122283935547e-01
5.715836882591247559e-01
5.300661325454711914e-01
5.409327745437622070e-01
5.501161217689514160e-01
5.265932083129882812e-01
5.390674471855163574e-01
5.522462129592895508e-01
5.671515464782714844e-01
5.337265729904174805e-01
5.198481082916259766e-01
5.241222381591796875e-01
5.483565330505371094e-01
5.412380695343017578e-01
5.315906405448913574e-01
5.243444442749023438e-01
5.444675087928771973e-01
5.197535753250122070e-01
5.467263460159301758e-01
5.458395481109619141e-01
5.309895277023315430e-01
5.032234191894531250e-01
5.263919830322265625e-01
5.308495759963989258e-01
5.231149792671203613e-01
5.247830152511596680e-01
5.469819903373718262e-01
5.203229188919067383e-01
5.146793127059936523e-01
5.253714323043823242e-01
5.088236331939697266e-01
5.396238565444946289e-01
5.142931938171386719e-01
5.367370843887329102e-01
5.076518058776855469e-01
5.180168151855468750e-01
5.177564024925231934e-01
5.191087126731872559e-01
5.033842325210571289e-01
5.200716257095336914e-01
5.162563323974609375e-01
5.194047689437866211e-01
5.354020595550537109e-01
4.956951737403869629e-01
5.083560347557067871e-01
4.877283573150634766e-01
5.198332667350769043e-01
5.199726819992065430e-01
4.929712712764739990e-01
5.196778178215026855e-01
4.962823688983917236e-01
4.957756996154785156e-01
5.185245275497436523e-01
5.143687129020690918e-01
4.918163418769836426e-01
5.021549463272094727e-01
5.112103819847106934e-01
4.938986897468566895e-01
5.118045806884765625e-01
4.930712282657623291e-01
4.932914674282073975e-01
4.942904114723205566e-01
4.952287971973419189e-01
5.127922296524047852e-01
4.872446656227111816e-01
4.892680346965789795e-01
4.928832650184631348e-01
4.889668822288513184e-01
4.874558746814727783e-01
4.922279715538024902e-01
4.994744360446929932e-01
4.786453545093536377e-01
5.073317289352416992e-01
4.814549386501312256e-01
4.975880980491638184e-01
4.919030070304870605e-01
4.636998772621154785e-01
4.634141921997070312e-01
4.821057021617889404e-01
4.620018601417541504e-01
4.772606492042541504e-01
4.711658656597137451e-01
4.980361461639404297e-01
4.884369671344757080e-01
4.870435297489166260e-01
4.811732470989227295e-01
5.264051556587219238e-01
4.639848470687866211e-01
4.433097839355468750e-01
4.378636777400970459e-01
4.754200279712677002e-01
4.721117615699768066e-01
4.833306968212127686e-01
4.592910706996917725e-01
4.555837512016296387e-01
4.673364162445068359e-01
4.368606507778167725e-01
4.761731922626495361e-01
4.420689940452575684e-01
4.827338457107543945e-01
4.811640977859497070e-01
4.638772606849670410e-01
4.501649141311645508e-01
4.529452621936798096e-01
4.745950400829315186e-01
4.590858817100524902e-01
4.670628011226654053e-01
4.434410929679870605e-01
4.494190812110900879e-01
4.752576947212219238e-01
4.390137493610382080e-01
4.568038582801818848e-01
4.577125310897827148e-01
4.380875527858734131e-01
4.495012760162353516e-01
4.389517009258270264e-01
4.718655943870544434e-01
4.239507913589477539e-01
4.601034820079803467e-01
4.444483816623687744e-01
