6.343786120414733887e-01
6.259467601776123047e-01
6.161747574806213379e-01
6.118044257164001465e-01
6.198289394378662109e-01
6.157948374748229980e-01
6.164768934249877930e-01
6.140916347503662109e-01
6.100351810455322266e-01
6.026639938354492188e-01
5.984361171722412109e-01
6.070157885551452637e-01
6.029440164566040039e-01
6.023893952369689941e-01
5.976189970970153809e-01
5.926073789596557617e-01
5.872239470481872559e-01
5.951892733573913574e-01
5.652506351470947266e-01
5.985286831855773926e-01
5.832731127738952637e-01
5.874546766281127930e-01
5.945490598678588867e-01
5.895421504974365234e-01
5.823385119438171387e-01
5.991235375404357910e-01
5.792148113250732422e-01
5.544937849044799805e-01
5.924286246299743652e-01
5.501656532287597656e-01
5.784466266632080078e-01
5.826811790466308594e-01
5.730148553848266602e-01
5.561628341674804688e-01
5.688661336898803711e-01
5.554762482643127441e-01
5.753294825553894043e-01
5.572038888931274414e-01
5.535622835159301758e-01
5.540486574172973633e-01
5.737586617469787598e-01
5.629186630249023438e-01
5.663697719573974609e-01
5.636923313140869141e-01
5.371989607810974121e-01
5.628348588943481445e-01
5.632662177085876465e-01
5.450284481048583984e-01
5.716336369514465332e-01
5.496162772178649902e-01
5.314862728118896484e-01
5.442019104957580566e-01
5.643500089645385742e-01
5.438136458396911621e-01
5.366798639297485352e-01
5.561883449554443359e-01
5.523327589035034180e-01
5.282291769981384277e-01
5.442965030670166016e-01
5.569890737533569336e-01
5.488243103027343750e-01
5.299519300460815430e-01
5.513617992401123047e-01
5.320712924003601074e-01
5.569910407066345215e-01
5.188524723052978516e-01
5.221273303031921387e-01
5.335942506790161133e-01
5.441137552261352539e-01
5.530954599380493164e-01
5.196158885955810547e-01
5.383693575859069824e-01
5.427196025848388672e-01
5.390429496765136719e-01
5.262972116470336914e-01
5.133807063102722168e-01
5.397601127624511719e-01
5.176591873168945312e-01
5.227172374725341797e-01
5.506778955459594727e-01
5.047177076339721680e-01
5.130153894424438477e-01
5.371901988983154297e-01
5.218630433082580566e-01
5.238249301910400391e-01
5.106492042541503906e-01
5.376660823822021484e-01
5.167091488838195801e-01
5.154727697372436523e-01
5.146440267562866211e-01
5.156052112579345703e-01
5.102134943008422852e-01
5.062737464904785156e-01
5.231189727783203125e-01
5.181108713150024414e-01
5.145947933197021484e-01
4.842168390750885010e-01
5.084924697875976562e-01
5.266300439834594727e-01
5.089735984802246094e-01
5.069850683212280273e-01
5.192151665687561035e-01
5.032145977020263672e-01
5.150376558303833008e-01
4.799528717994689941e-01
5.029664635658264160e-01
5.101085901260375977e-01
5.043309926986694336e-01
4.888902306556701660e-01
5.068784952163696289e-01
4.936694204807281494e-01
4.883929789066314697e-01
5.020797252655029297e-01
4.966998696327209473e-01
4.984544515609741211e-01
4.852120876312255859e-01
4.808351695537567139e-01
4.751737117767333984e-01
4.956803917884826660e-01
5.019239783287048340e-01
4.883463978767395020e-01
4.736443161964416504e-01
4.978204071521759033e-01
4.773871898651123047e-01
4.637218117713928223e-01
4.961714148521423340e-01
4.634635746479034424e-01
4.855306148529052734e-01
4.835072755813598633e-01
4.828266799449920654e-01
4.706685543060302734e-01
4.695669114589691162e-01
4.534568190574645996e-01
4.774115681648254395e-01
4.553153216838836670e-01
4.800788462162017822e-01
4.736248254776000977e-01
4.797974228858947754e-01
4.609243273735046387e-01
4.647679924964904785e-01
4.702233672142028809e-01
4.620417952537536621e-01
4.544317722320556641e-01
4.677665829658508301e-01
4.727722406387329102e-01
4.434997737407684326e-01
4.639570713043212891e-01
4.541251063346862793e-01
4.568279981613159180e-01
4.473321437835693359e-01
4.471529126167297363e-01
4.184500277042388916e-01
4.682705998420715332e-01
4.540030956268310547e-01
4.654553234577178955e-01
4.507248997688293457e-01
4.467374086380004883e-01
4.345025420188903809e-01
4.491085708141326904e-01
4.476284384727478027e-01
4.408552646636962891e-01
4.501465559005737305e-01
4.291218519210815430e-01
4.559160768985748291e-01
4.480744600296020508e-01
4.253810346126556396e-01
4.203250408172607422e-01
4.582471847534179688e-01
4.587343931198120117e-01
4.260991215705871582e-01
4.265395104885101318e-01
4.232425689697265625e-01
4.268376827239990234e-01
4.401396512985229492e-01
4.361076951026916504e-01
4.253424108028411865e-01
4.133737683296203613e-01
4.349126219749450684e-01
4.177868366241455078e-01
4.423206448554992676e-01
