6.195694208145141602e-01
6.168358325958251953e-01
6.275805830955505371e-01
6.276818513870239258e-01
6.122899055480957031e-01
5.967976450920104980e-01
6.087833642959594727e-01
6.212375164031982422e-01
5.941143035888671875e-01
5.918176174163818359e-01
6.052255034446716309e-01
5.895725488662719727e-01
5.937000513076782227e-01
5.948338508605957031e-01
5.929043292999267578e-01
5.861635804176330566e-01
5.764139890670776367e-01
5.886616110801696777e-01
5.944689512252807617e-01
5.692017674446105957e-01
5.832329988479614258e-01
5.705819725990295410e-01
5.634143352508544922e-01
5.888051390647888184e-01
5.576360225677490234e-01
5.888745784759521484e-01
5.556818842887878418e-01
5.966675877571105957e-01
5.706974267959594727e-01
5.514522194862365723e-01
5.436175465583801270e-01
5.644205808639526367e-01
5.709629654884338379e-01
5.674982666969299316e-01
5.753184556961059570e-01
5.731606483459472656e-01
5.627956390380859375e-01
5.515874624252319336e-01
5.652271509170532227e-01
5.653494596481323242e-01
5.554727315902709961e-01
5.629552006721496582e-01
5.560939311981201172e-01
5.525182485580444336e-01
5.598288178443908691e-01
5.343790054321289062e-01
5.577586889266967773e-01
5.749904513359069824e-01
5.344180464744567871e-01
5.178860425949096680e-01
5.639240741729736328e-01
5.732475519180297852e-01
5.781708359718322754e-01
5.338030457496643066e-01
5.612049102783203125e-01
5.251294374465942383e-01
5.427815914154052734e-01
5.429929494857788086e-01
5.432097911834716797e-01
5.645707845687866211e-01
5.244691967964172363e-01
5.520962476730346680e-01
5.273984670639038086e-01
5.620627999305725098e-01
5.395839214324951172e-01
5.442370772361755371e-01
5.349140167236328125e-01
5.343908071517944336e-01
5.544339418411254883e-01
5.399748086929321289e-01
5.209341049194335938e-01
5.366207957267761230e-01
5.432659387588500977e-01
5.249366760253906250e-01
5.244042873382568359e-01
5.438852310180664062e-01
5.230548381805419922e-01
5.329289436340332031e-01
5.325717329978942871e-01
5.230543613433837891e-01
5.290809273719787598e-01
5.371575951576232910e-01
5.239234566688537598e-01
5.137968063354492188e-01
5.195288658142089844e-01
5.268762707710266113e-01
5.241276025772094727e-01
5.202009677886962891e-01
5.264386534690856934e-01
5.111495256423950195e-01
5.226796865463256836e-01
5.195072889328002930e-01
5.366131067276000977e-01
4.945173263549804688e-01
5.415257215499877930e-01
4.791837036609649658e-01
5.066337585449218750e-01
5.131410956382751465e-01
5.148895978927612305e-01
5.061287879943847656e-01
5.070673227310180664e-01
5.184811353683471680e-01
5.092762708663940430e-01
5.048924684524536133e-01
5.268823504447937012e-01
5.083422064781188965e-01
4.908076822757720947e-01
4.856964349746704102e-01
5.071244239807128906e-01
4.703124761581420898e-01
5.009155869483947754e-01
5.072919726371765137e-01
4.949521422386169434e-01
5.049521327018737793e-01
4.850333631038665771e-01
5.118093490600585938e-01
4.847528636455535889e-01
4.811575114727020264e-01
4.918298423290252686e-01
4.865529239177703857e-01
4.761981964111328125e-01
5.062640905380249023e-01
4.745084643363952637e-01
4.955870807170867920e-01
4.641600251197814941e-01
4.845269024372100830e-01
4.849011898040771484e-01
4.691698253154754639e-01
4.998210668563842773e-01
4.537517130374908447e-01
4.742984175682067871e-01
4.817883074283599854e-01
4.799459874629974365e-01
4.674364924430847168e-01
4.652950465679168701e-01
4.824960231781005859e-01
4.735228419303894043e-01
4.537540078163146973e-01
4.520946741104125977e-01
4.573964476585388184e-01
4.980557858943939209e-01
4.414309859275817871e-01
4.740087389945983887e-01
4.626910686492919922e-01
4.722365140914916992e-01
4.457105994224548340e-01
4.651065766811370850e-01
4.435314834117889404e-01
4.532788395881652832e-01
4.678699672222137451e-01
4.426127672195434570e-01
4.819983243942260742e-01
4.256477952003479004e-01
4.677279293537139893e-01
4.359816908836364746e-01
4.542170763015747070e-01
4.674925506114959717e-01
4.412875771522521973e-01
4.564918279647827148e-01
4.396229386329650879e-01
4.446890056133270264e-01
4.176345765590667725e-01
4.467249810695648193e-01
4.444029629230499268e-01
4.537173509597778320e-01
4.406458735466003418e-01
4.328987598419189453e-01
4.139098823070526123e-01
4.285387992858886719e-01
4.413883090019226074e-01
4.425225555896759033e-01
4.303885698318481445e-01
4.157894551753997803e-01
4.459757506847381592e-01
4.256321787834167480e-01
4.355082213878631592e-01
4.293938875198364258e-01
4.263210594654083252e-01
4.379678964614868164e-01
4.132910370826721191e-01
