6.935364007949829102e-01
6.933395862579345703e-01
6.898965835571289062e-01
6.888111233711242676e-01
6.869498491287231445e-01
6.860100030899047852e-01
6.843118667602539062e-01
6.820338964462280273e-01
6.823855042457580566e-01
6.816987991333007812e-01
6.797322034835815430e-01
6.794989109039306641e-01
6.781218051910400391e-01
6.783697605133056641e-01
6.758860349655151367e-01
6.749196052551269531e-01
6.755338311195373535e-01
6.734524369239807129e-01
6.734206676483154297e-01
6.699806451797485352e-01
6.712496876716613770e-01
6.730089187622070312e-01
6.711745262145996094e-01
6.694930791854858398e-01
6.680654287338256836e-01
6.669644713401794434e-01
6.678957939147949219e-01
6.633623242378234863e-01
6.656841635704040527e-01
6.613475084304809570e-01
6.631534099578857422e-01
6.595876812934875488e-01
6.559898853302001953e-01
6.593275070190429688e-01
6.559171676635742188e-01
6.533905267715454102e-01
6.520220041275024414e-01
6.475652456283569336e-01
6.461450457572937012e-01
6.508359909057617188e-01
6.493456363677978516e-01
6.413246989250183105e-01
6.349365115165710449e-01
6.345300078392028809e-01
6.395913958549499512e-01
6.381636261940002441e-01
6.330323219299316406e-01
6.318926811218261719e-01
6.238186359405517578e-01
6.134480834007263184e-01
6.218900680541992188e-01
6.217654943466186523e-01
6.251137256622314453e-01
6.154931187629699707e-01
6.027773618698120117e-01
6.078232526779174805e-01
6.039870977401733398e-01
6.046774387359619141e-01
5.987496376037597656e-01
6.030639410018920898e-01
5.902557373046875000e-01
5.820717811584472656e-01
6.055096983909606934e-01
5.628972053527832031e-01
6.013276576995849609e-01
5.716423988342285156e-01
5.881614089012145996e-01
5.599337220191955566e-01
5.906933546066284180e-01
5.737607479095458984e-01
5.632970333099365234e-01
5.452350378036499023e-01
5.641813278198242188e-01
5.593726038932800293e-01
5.463382601737976074e-01
5.734592676162719727e-01
5.553236603736877441e-01
5.666262507438659668e-01
5.481415987014770508e-01
5.692076683044433594e-01
5.530262589454650879e-01
5.679987072944641113e-01
5.531111359596252441e-01
5.235570669174194336e-01
5.555540323257446289e-01
5.341753363609313965e-01
5.378361940383911133e-01
5.484554767608642578e-01
5.574438571929931641e-01
5.444333553314208984e-01
5.113862752914428711e-01
5.444405078887939453e-01
5.605282783508300781e-01
5.414189100265502930e-01
5.331674218177795410e-01
5.524146556854248047e-01
5.179680585861206055e-01
5.431729555130004883e-01
5.424213409423828125e-01
5.258641839027404785e-01
5.482795238494873047e-01
5.277336239814758301e-01
5.252053141593933105e-01
5.438071489334106445e-01
5.337241291999816895e-01
5.248227715492248535e-01
5.272259712219238281e-01
5.155302286148071289e-01
5.200054645538330078e-01
5.308998823165893555e-01
5.267978906631469727e-01
5.041704177856445312e-01
5.168322324752807617e-01
5.416503548622131348e-01
5.392476320266723633e-01
5.106732249259948730e-01
5.210783481597900391e-01
5.198650360107421875e-01
5.037071704864501953e-01
5.093826055526733398e-01
5.127577781677246094e-01
5.248774290084838867e-01
5.253702402114868164e-01
4.939898550510406494e-01
4.982189536094665527e-01
5.153329968452453613e-01
4.964078068733215332e-01
4.882230162620544434e-01
5.132175683975219727e-01
5.145673751831054688e-01
5.049244761466979980e-01
5.238105058670043945e-01
4.946592152118682861e-01
4.961976408958435059e-01
4.933091402053833008e-01
4.815871417522430420e-01
5.089257955551147461e-01
5.344458222389221191e-01
5.114921331405639648e-01
4.782780706882476807e-01
4.956959486007690430e-01
4.977508783340454102e-01
4.978008270263671875e-01
4.879228174686431885e-01
4.840269982814788818e-01
4.730661809444427490e-01
4.763422012329101562e-01
4.941793680191040039e-01
5.058392286300659180e-01
5.020536184310913086e-01
5.006259679794311523e-01
4.832246303558349609e-01
4.703813791275024414e-01
4.840154349803924561e-01
4.803709983825683594e-01
4.788035750389099121e-01
4.874197244644165039e-01
4.832611083984375000e-01
4.775869250297546387e-01
4.604956209659576416e-01
4.819727241992950439e-01
4.690265953540802002e-01
4.771435260772705078e-01
4.768911004066467285e-01
4.651865065097808838e-01
4.722480177879333496e-01
4.641357064247131348e-01
4.673946797847747803e-01
4.710470139980316162e-01
4.676942527294158936e-01
4.500787854194641113e-01
4.725709259510040283e-01
4.621558785438537598e-01
4.639474451541900635e-01
4.726782441139221191e-01
4.534754455089569092e-01
4.602645039558410645e-01
4.575437903404235840e-01
4.662214517593383789e-01
4.416890442371368408e-01
