6.265054345130920410e-01
6.245744824409484863e-01
6.278293132781982422e-01
6.250926852226257324e-01
6.158393025398254395e-01
6.202474832534790039e-01
6.171401143074035645e-01
6.126909255981445312e-01
6.117615699768066406e-01
6.142094731330871582e-01
6.041800975799560547e-01
6.034604310989379883e-01
5.941116213798522949e-01
6.038842201232910156e-01
6.156102418899536133e-01
5.963036417961120605e-01
5.927268862724304199e-01
5.992025136947631836e-01
6.012955904006958008e-01
5.800302624702453613e-01
5.887427330017089844e-01
6.049746870994567871e-01
5.827871561050415039e-01
5.878574848175048828e-01
5.777620077133178711e-01
5.869404077529907227e-01
5.722665786743164062e-01
5.766922235488891602e-01
5.864944458007812500e-01
5.965498685836791992e-01
5.701139569282531738e-01
5.848149061203002930e-01
5.724144577980041504e-01
5.764846801757812500e-01
5.712410807609558105e-01
5.649850964546203613e-01
5.684166550636291504e-01
5.544520616531372070e-01
5.583667755126953125e-01
5.677242279052734375e-01
5.590576529502868652e-01
5.870815515518188477e-01
5.450990200042724609e-01
5.420415401458740234e-01
5.560977458953857422e-01
5.757727622985839844e-01
5.785093307495117188e-01
5.464856624603271484e-01
5.741720795631408691e-01
5.381211042404174805e-01
5.597659349441528320e-01
5.433132648468017578e-01
5.382006168365478516e-01
5.459155440330505371e-01
5.277388095855712891e-01
5.705401897430419922e-01
5.335592627525329590e-01
5.434373021125793457e-01
5.265527963638305664e-01
5.606333613395690918e-01
5.533696413040161133e-01
5.280411839485168457e-01
5.369991064071655273e-01
5.277805328369140625e-01
5.439637899398803711e-01
5.308567881584167480e-01
5.375996232032775879e-01
5.189787149429321289e-01
5.234032869338989258e-01
5.250061750411987305e-01
5.559923052787780762e-01
5.215866565704345703e-01
5.294170379638671875e-01
5.309032201766967773e-01
5.223116874694824219e-01
5.232301950454711914e-01
5.239179134368896484e-01
5.138597488403320312e-01
5.290298461914062500e-01
5.329372882843017578e-01
5.002495050430297852e-01
5.093131661415100098e-01
5.240429639816284180e-01
5.076335668563842773e-01
5.345930457115173340e-01
5.185522437095642090e-01
5.038636326789855957e-01
4.928540587425231934e-01
4.996323287487030029e-01
5.124751329421997070e-01
5.017118453979492188e-01
4.929362535476684570e-01
5.092855691909790039e-01
5.173507928848266602e-01
5.012025833129882812e-01
4.929865896701812744e-01
4.866315126419067383e-01
4.955790042877197266e-01
4.990076124668121338e-01
4.957907497882843018e-01
5.113627910614013672e-01
4.810068309307098389e-01
5.014519691467285156e-01
4.714168310165405273e-01
4.729249477386474609e-01
5.005069971084594727e-01
4.960009753704071045e-01
4.845249652862548828e-01
4.910949766635894775e-01
4.854270219802856445e-01
4.807628989219665527e-01
4.740437865257263184e-01
4.755291044712066650e-01
4.738959968090057373e-01
4.803729057312011719e-01
4.784928560256958008e-01
4.750318527221679688e-01
4.848520159721374512e-01
4.530226588249206543e-01
4.679288864135742188e-01
4.613958299160003662e-01
4.732547998428344727e-01
4.667015671730041504e-01
4.889822602272033691e-01
4.471268951892852783e-01
4.608911573886871338e-01
4.495127201080322266e-01
4.604731798171997070e-01
4.561141729354858398e-01
4.898490309715270996e-01
4.556685686111450195e-01
4.477001130580902100e-01
4.468446969985961914e-01
4.406918287277221680e-01
4.992431700229644775e-01
4.557798504829406738e-01
4.406807422637939453e-01
4.374716877937316895e-01
4.344350695610046387e-01
4.481927156448364258e-01
4.495133757591247559e-01
4.419850707054138184e-01
4.511868953704833984e-01
4.649203121662139893e-01
4.513446092605590820e-01
4.709221124649047852e-01
4.235645234584808350e-01
4.283310174942016602e-01
4.294303059577941895e-01
4.495929479598999023e-01
4.604306221008300781e-01
4.399175941944122314e-01
4.305546283721923828e-01
4.265833497047424316e-01
4.367946982383728027e-01
4.227389395236968994e-01
4.142723977565765381e-01
4.447449147701263428e-01
4.425638318061828613e-01
4.374856948852539062e-01
4.312561750411987305e-01
4.141548573970794678e-01
4.055041968822479248e-01
4.431346952915191650e-01
4.257980287075042725e-01
4.377439022064208984e-01
4.186476171016693115e-01
4.245984256267547607e-01
4.163904786109924316e-01
4.349306821823120117e-01
4.302755594253540039e-01
4.142487049102783203e-01
4.281100332736968994e-01
3.954804241657257080e-01
4.303520321846008301e-01
3.997589945793151855e-01
4.259544312953948975e-01
4.125753939151763916e-01
4.187207818031311035e-01
4.033243358135223389e-01
