6.835575699806213379e-01
6.815314292907714844e-01
6.791478395462036133e-01
6.789919137954711914e-01
6.746224164962768555e-01
6.731994748115539551e-01
6.715918779373168945e-01
6.689476966857910156e-01
6.685630083084106445e-01
6.655192375183105469e-01
6.638712286949157715e-01
6.636328697204589844e-01
6.606097221374511719e-01
6.573467254638671875e-01
6.569427251815795898e-01
6.498183012008666992e-01
6.525620222091674805e-01
6.464539170265197754e-01
6.519107818603515625e-01
6.403232812881469727e-01
6.383102536201477051e-01
6.343797445297241211e-01
6.322998404502868652e-01
6.336309909820556641e-01
6.169853806495666504e-01
6.328765153884887695e-01
6.209803223609924316e-01
6.103964447975158691e-01
6.084117889404296875e-01
6.186479926109313965e-01
5.977385044097900391e-01
5.939315557479858398e-01
5.878248214721679688e-01
5.987043380737304688e-01
6.151058673858642578e-01
5.743321180343627930e-01
5.917739868164062500e-01
5.876531600952148438e-01
5.887185931205749512e-01
5.791321992874145508e-01
6.138573884963989258e-01
5.698649287223815918e-01
5.740524530410766602e-01
5.922177433967590332e-01
5.893583893775939941e-01
5.919487476348876953e-01
5.675559043884277344e-01
5.906072854995727539e-01
5.735555887222290039e-01
5.628092885017395020e-01
5.818424224853515625e-01
5.774122476577758789e-01
5.826172828674316406e-01
6.002723574638366699e-01
5.540313720703125000e-01
5.766164064407348633e-01
5.830881595611572266e-01
5.661884546279907227e-01
5.854214429855346680e-01
5.891650319099426270e-01
5.664530396461486816e-01
5.705574750900268555e-01
5.664336681365966797e-01
5.636135339736938477e-01
5.628093481063842773e-01
5.908672213554382324e-01
5.648029446601867676e-01
5.530638694763183594e-01
5.799292325973510742e-01
5.630712509155273438e-01
5.535705685615539551e-01
5.588256716728210449e-01
5.585119724273681641e-01
5.446916818618774414e-01
5.714269876480102539e-01
5.504282712936401367e-01
5.635440349578857422e-01
5.276153683662414551e-01
5.630530118942260742e-01
5.475106239318847656e-01
5.376724004745483398e-01
5.428762435913085938e-01
5.198297500610351562e-01
5.326337218284606934e-01
5.389608144760131836e-01
5.496808886528015137e-01
5.363098382949829102e-01
4.842649102210998535e-01
5.326620340347290039e-01
5.122070312500000000e-01
4.973743259906768799e-01
5.145007371902465820e-01
5.052532553672790527e-01
5.344715118408203125e-01
4.964257478713989258e-01
5.097349882125854492e-01
5.077409148216247559e-01
4.851563572883605957e-01
4.765297770500183105e-01
4.895046651363372803e-01
5.244102478027343750e-01
4.710853099822998047e-01
5.057755708694458008e-01
4.739044010639190674e-01
4.601588249206542969e-01
4.790872037410736084e-01
4.749801754951477051e-01
4.722742736339569092e-01
4.434797167778015137e-01
4.825094938278198242e-01
4.683058261871337891e-01
4.604118764400482178e-01
4.961344003677368164e-01
4.425053894519805908e-01
4.556108117103576660e-01
4.613862633705139160e-01
4.405111968517303467e-01
4.504833817481994629e-01
4.707052111625671387e-01
4.566432833671569824e-01
4.440845549106597900e-01
4.451223909854888916e-01
4.568346738815307617e-01
4.340839684009552002e-01
4.433254599571228027e-01
4.585894942283630371e-01
4.333116114139556885e-01
4.137816429138183594e-01
4.033755660057067871e-01
4.721821546554565430e-01
4.306788742542266846e-01
4.506906569004058838e-01
4.300339221954345703e-01
4.278669357299804688e-01
4.184994697570800781e-01
4.262135326862335205e-01
4.209038615226745605e-01
4.082574844360351562e-01
3.857524394989013672e-01
4.290038049221038818e-01
3.994834423065185547e-01
4.112833142280578613e-01
4.123384952545166016e-01
4.240791797637939453e-01
3.893754780292510986e-01
4.219261407852172852e-01
3.883036077022552490e-01
3.710243701934814453e-01
3.930209279060363770e-01
4.211589395999908447e-01
3.879638910293579102e-01
3.875661492347717285e-01
4.006431102752685547e-01
3.830963969230651855e-01
3.639186024665832520e-01
3.708229660987854004e-01
3.498370051383972168e-01
3.895677924156188965e-01
3.489338159561157227e-01
3.597753345966339111e-01
3.846278190612792969e-01
3.734855949878692627e-01
3.604511916637420654e-01
3.600598573684692383e-01
3.864245712757110596e-01
3.599280714988708496e-01
3.236494660377502441e-01
3.588548600673675537e-01
3.511333465576171875e-01
3.689762949943542480e-01
3.557590246200561523e-01
3.282645344734191895e-01
3.393239378929138184e-01
3.657115995883941650e-01
3.294627368450164795e-01
3.465232253074645996e-01
3.525021374225616455e-01
3.727093935012817383e-01
3.290139138698577881e-01
3.206099271774291992e-01
