6.881762742996215820e-01
6.863493323326110840e-01
6.853277683258056641e-01
6.828227043151855469e-01
6.815584897994995117e-01
6.803088188171386719e-01
6.782295703887939453e-01
6.763693094253540039e-01
6.748731136322021484e-01
6.718925237655639648e-01
6.724815964698791504e-01
6.698349118232727051e-01
6.673787236213684082e-01
6.646926999092102051e-01
6.626722216606140137e-01
6.684911251068115234e-01
6.624286174774169922e-01
6.588317751884460449e-01
6.590807437896728516e-01
6.529760956764221191e-01
6.514668464660644531e-01
6.534756422042846680e-01
6.476454734802246094e-01
6.511414051055908203e-01
6.414982080459594727e-01
6.400436162948608398e-01
6.343057751655578613e-01
6.300516724586486816e-01
6.341271400451660156e-01
6.311454176902770996e-01
6.216042041778564453e-01
6.169791221618652344e-01
6.157783865928649902e-01
5.994915962219238281e-01
5.999922752380371094e-01
5.926475524902343750e-01
5.890859365463256836e-01
5.885486602783203125e-01
5.920889377593994141e-01
5.888836383819580078e-01
5.830757617950439453e-01
5.897493958473205566e-01
5.758415460586547852e-01
5.889250040054321289e-01
5.848767757415771484e-01
6.132085323333740234e-01
5.931532979011535645e-01
5.587653517723083496e-01
5.618823766708374023e-01
5.919532179832458496e-01
5.854309797286987305e-01
5.759692192077636719e-01
5.808354616165161133e-01
5.671675801277160645e-01
5.834840536117553711e-01
5.837850570678710938e-01
5.843894481658935547e-01
5.866707563400268555e-01
5.495613813400268555e-01
5.428679585456848145e-01
5.732427239418029785e-01
5.739539861679077148e-01
5.494322776794433594e-01
5.754901170730590820e-01
5.722618103027343750e-01
5.323942303657531738e-01
5.722182393074035645e-01
5.536047816276550293e-01
5.504662394523620605e-01
5.515398979187011719e-01
5.400173068046569824e-01
5.576259493827819824e-01
5.387972593307495117e-01
5.318638682365417480e-01
5.584657192230224609e-01
5.337807536125183105e-01
5.579693317413330078e-01
5.391353368759155273e-01
5.123287439346313477e-01
5.463231801986694336e-01
5.537940859794616699e-01
5.293807983398437500e-01
5.281836986541748047e-01
5.285137891769409180e-01
5.544681549072265625e-01
5.404530763626098633e-01
5.116959810256958008e-01
5.203088521957397461e-01
5.016275644302368164e-01
5.005249381065368652e-01
5.390864610671997070e-01
5.212393999099731445e-01
5.169513821601867676e-01
4.821549654006958008e-01
5.153235793113708496e-01
4.750396013259887695e-01
5.390904545783996582e-01
4.847288131713867188e-01
5.024143457412719727e-01
4.737669527530670166e-01
4.709130227565765381e-01
4.942756295204162598e-01
4.994292259216308594e-01
4.575066864490509033e-01
4.997180402278900146e-01
4.759650230407714844e-01
4.730445742607116699e-01
4.648348689079284668e-01
4.677724540233612061e-01
4.708158969879150391e-01
4.533995389938354492e-01
4.428693056106567383e-01
4.644119739532470703e-01
4.762237668037414551e-01
4.490311741828918457e-01
4.291934370994567871e-01
4.508454799652099609e-01
4.782820343971252441e-01
4.406933188438415527e-01
4.361972510814666748e-01
4.695290923118591309e-01
4.432415962219238281e-01
3.971523642539978027e-01
4.208758473396301270e-01
4.661584496498107910e-01
4.181725382804870605e-01
4.350438714027404785e-01
3.906266689300537109e-01
4.327262043952941895e-01
4.382013678550720215e-01
4.311915338039398193e-01
3.956921696662902832e-01
4.119262695312500000e-01
4.228370487689971924e-01
4.147377610206604004e-01
3.812695741653442383e-01
4.219890236854553223e-01
4.047388732433319092e-01
4.056631326675415039e-01
4.092889726161956787e-01
3.911513090133666992e-01
3.832990527153015137e-01
3.985779285430908203e-01
3.785250484943389893e-01
3.880736231803894043e-01
3.652281165122985840e-01
3.876682221889495850e-01
3.578827977180480957e-01
3.928166031837463379e-01
4.031448662281036377e-01
3.953921198844909668e-01
3.765845894813537598e-01
3.800975084304809570e-01
3.731698095798492432e-01
3.462709486484527588e-01
3.569589257240295410e-01
3.584246635437011719e-01
3.802303671836853027e-01
3.802034854888916016e-01
3.497310876846313477e-01
3.554733991622924805e-01
3.419283330440521240e-01
3.651855289936065674e-01
3.363566994667053223e-01
3.357977867126464844e-01
3.627253174781799316e-01
3.363172411918640137e-01
3.609976470470428467e-01
3.632356524467468262e-01
3.458549976348876953e-01
3.614577054977416992e-01
3.339069485664367676e-01
3.163086175918579102e-01
2.997824847698211670e-01
3.176693618297576904e-01
3.187012672424316406e-01
3.412656188011169434e-01
3.129447698593139648e-01
3.687216639518737793e-01
3.367430865764617920e-01
