6.820247173309326172e-01
6.800520420074462891e-01
6.778479218482971191e-01
6.772677898406982422e-01
6.761127710342407227e-01
6.745223402976989746e-01
6.688389182090759277e-01
6.673986911773681641e-01
6.702477931976318359e-01
6.702651977539062500e-01
6.668632626533508301e-01
6.639372110366821289e-01
6.621607542037963867e-01
6.587264537811279297e-01
6.587935686111450195e-01
6.594150066375732422e-01
6.568167209625244141e-01
6.549371480941772461e-01
6.546487212181091309e-01
6.494816541671752930e-01
6.468559503555297852e-01
6.456795930862426758e-01
6.450763344764709473e-01
6.385797262191772461e-01
6.312722563743591309e-01
6.320303678512573242e-01
6.324415206909179688e-01
6.358609199523925781e-01
6.230500936508178711e-01
6.260922551155090332e-01
6.061630249023437500e-01
6.180297136306762695e-01
6.166074275970458984e-01
6.132208108901977539e-01
5.742869377136230469e-01
6.067118048667907715e-01
6.054535508155822754e-01
6.028431653976440430e-01
5.598943233489990234e-01
5.791732668876647949e-01
5.673299431800842285e-01
6.067030429840087891e-01
5.826373100280761719e-01
6.040142774581909180e-01
5.711479187011718750e-01
5.873476266860961914e-01
6.045092940330505371e-01
5.699994564056396484e-01
6.034966707229614258e-01
5.894091725349426270e-01
5.707299113273620605e-01
5.784898400306701660e-01
5.693483352661132812e-01
5.688439011573791504e-01
5.623597502708435059e-01
5.809664726257324219e-01
5.841696262359619141e-01
5.860559940338134766e-01
5.885722637176513672e-01
5.530306696891784668e-01
5.956625342369079590e-01
5.630387067794799805e-01
5.810630917549133301e-01
5.607599616050720215e-01
5.642063021659851074e-01
5.627282261848449707e-01
5.865871906280517578e-01
5.848658680915832520e-01
5.610351562500000000e-01
5.522608757019042969e-01
5.549896359443664551e-01
5.548328161239624023e-01
5.561062693595886230e-01
5.652127265930175781e-01
5.596401095390319824e-01
5.458358526229858398e-01
5.680050849914550781e-01
5.615799427032470703e-01
5.478370189666748047e-01
5.483353137969970703e-01
5.632534027099609375e-01
5.505330562591552734e-01
5.432014465332031250e-01
5.519132614135742188e-01
5.552392005920410156e-01
5.629945397377014160e-01
5.405256748199462891e-01
5.376145839691162109e-01
5.152829885482788086e-01
5.308400392532348633e-01
5.111036300659179688e-01
5.513582229614257812e-01
5.363025665283203125e-01
5.215683579444885254e-01
5.199584960937500000e-01
5.346545577049255371e-01
5.258290767669677734e-01
5.108463764190673828e-01
4.902469515800476074e-01
5.189763307571411133e-01
5.137627124786376953e-01
5.318313837051391602e-01
5.158370733261108398e-01
4.810061156749725342e-01
5.016402006149291992e-01
5.092248916625976562e-01
5.029211044311523438e-01
4.795807898044586182e-01
4.983787238597869873e-01
4.767124354839324951e-01
4.709529280662536621e-01
4.597291946411132812e-01
4.954331815242767334e-01
4.832473397254943848e-01
4.801887869834899902e-01
4.702672362327575684e-01
4.722274541854858398e-01
4.692540764808654785e-01
4.515334367752075195e-01
4.382607638835906982e-01
4.411230087280273438e-01
4.431955218315124512e-01
4.686225354671478271e-01
4.602793455123901367e-01
4.349578022956848145e-01
4.522773623466491699e-01
4.460059404373168945e-01
4.362374246120452881e-01
4.416896104812622070e-01
4.271528124809265137e-01
4.205447435379028320e-01
4.470882117748260498e-01
4.177399873733520508e-01
4.085955619812011719e-01
4.298560321331024170e-01
4.289301633834838867e-01
4.334620833396911621e-01
4.205370545387268066e-01
3.924909234046936035e-01
4.304282069206237793e-01
4.048224091529846191e-01
4.120455086231231689e-01
4.227727055549621582e-01
3.968698382377624512e-01
4.066484570503234863e-01
4.131171107292175293e-01
4.155549407005310059e-01
3.923943638801574707e-01
3.920352458953857422e-01
3.805808126926422119e-01
4.107383191585540771e-01
4.125068187713623047e-01
3.812059760093688965e-01
3.799499273300170898e-01
3.838905692100524902e-01
3.813433647155761719e-01
3.825502097606658936e-01
3.738046884536743164e-01
3.941890597343444824e-01
3.552943468093872070e-01
3.778558969497680664e-01
3.827484548091888428e-01
3.696861863136291504e-01
3.568794131278991699e-01
3.893699049949645996e-01
3.525721132755279541e-01
3.709651827812194824e-01
3.620010912418365479e-01
3.348485827445983887e-01
3.483041524887084961e-01
3.716022670269012451e-01
3.773932754993438721e-01
3.572420775890350342e-01
3.495858013629913330e-01
3.509687185287475586e-01
3.451687693595886230e-01
3.151401281356811523e-01
3.791113197803497314e-01
3.553099036216735840e-01
3.260633647441864014e-01
