6.972848176956176758e-01
6.946475505828857422e-01
6.925404071807861328e-01
6.903459429740905762e-01
6.873409748077392578e-01
6.851564645767211914e-01
6.835840940475463867e-01
6.805361509323120117e-01
6.795541048049926758e-01
6.750078201293945312e-01
6.741404533386230469e-01
6.707378625869750977e-01
6.658425331115722656e-01
6.674811244010925293e-01
6.647436618804931641e-01
6.622251868247985840e-01
6.584399938583374023e-01
6.575931906700134277e-01
6.528248786926269531e-01
6.490916013717651367e-01
6.458612084388732910e-01
6.345250606536865234e-01
6.420298814773559570e-01
6.409054994583129883e-01
6.392233967781066895e-01
6.221877336502075195e-01
6.160851716995239258e-01
6.077928543090820312e-01
6.116759777069091797e-01
5.994670987129211426e-01
5.963627696037292480e-01
5.946885347366333008e-01
5.790454149246215820e-01
5.996454954147338867e-01
5.730082988739013672e-01
6.079093217849731445e-01
5.995991826057434082e-01
5.908408164978027344e-01
5.602968931198120117e-01
5.739111900329589844e-01
6.118116378784179688e-01
5.980846285820007324e-01
5.629886388778686523e-01
5.939881801605224609e-01
5.806971788406372070e-01
5.638239383697509766e-01
5.949409604072570801e-01
5.951257944107055664e-01
5.950895547866821289e-01
5.732275247573852539e-01
5.708926916122436523e-01
5.777089595794677734e-01
5.864237546920776367e-01
5.696363449096679688e-01
5.775736570358276367e-01
5.785691738128662109e-01
5.670025944709777832e-01
5.745395421981811523e-01
5.719503760337829590e-01
5.794401764869689941e-01
5.886213779449462891e-01
5.744885802268981934e-01
5.603736639022827148e-01
5.691645741462707520e-01
5.780199170112609863e-01
5.430225729942321777e-01
5.633472204208374023e-01
5.671839714050292969e-01
5.655741691589355469e-01
5.506914854049682617e-01
5.619539022445678711e-01
5.791279673576354980e-01
5.590281486511230469e-01
5.598566532135009766e-01
5.523734688758850098e-01
5.748960971832275391e-01
5.531618595123291016e-01
5.446380972862243652e-01
5.371015667915344238e-01
5.674548745155334473e-01
5.532767772674560547e-01
5.593761801719665527e-01
5.439656376838684082e-01
5.349815487861633301e-01
5.507695674896240234e-01
5.419684052467346191e-01
5.290272831916809082e-01
5.345299243927001953e-01
5.566573143005371094e-01
5.259559154510498047e-01
5.546870231628417969e-01
5.047208070755004883e-01
5.262166261672973633e-01
5.328657627105712891e-01
5.133775472640991211e-01
5.427883267402648926e-01
5.339040756225585938e-01
4.990863800048828125e-01
5.043079257011413574e-01
4.950805902481079102e-01
5.316098928451538086e-01
5.342444777488708496e-01
5.019739866256713867e-01
4.993191957473754883e-01
4.827218651771545410e-01
5.094063282012939453e-01
5.011430978775024414e-01
5.102328658103942871e-01
5.116043090820312500e-01
4.958721995353698730e-01
4.711948931217193604e-01
4.775407314300537109e-01
4.723132848739624023e-01
4.807595312595367432e-01
4.632005691528320312e-01
4.959174990653991699e-01
4.663768112659454346e-01
4.563218057155609131e-01
4.714033603668212891e-01
4.659818410873413086e-01
4.809827804565429688e-01
4.481139779090881348e-01
4.626177549362182617e-01
4.651187360286712646e-01
4.312255382537841797e-01
4.601745009422302246e-01
4.424624443054199219e-01
4.272618591785430908e-01
4.307408332824707031e-01
4.955585002899169922e-01
4.401099681854248047e-01
4.431668519973754883e-01
4.358075261116027832e-01
4.035756886005401611e-01
4.270791411399841309e-01
4.593884050846099854e-01
4.278614223003387451e-01
4.704813361167907715e-01
4.194582104682922363e-01
4.411799311637878418e-01
4.213508367538452148e-01
4.235031604766845703e-01
4.503131806850433350e-01
4.259601533412933350e-01
4.388383924961090088e-01
4.295164346694946289e-01
4.406188130378723145e-01
3.915566205978393555e-01
3.798211812973022461e-01
4.452475011348724365e-01
3.893666863441467285e-01
4.190266132354736328e-01
4.080528020858764648e-01
4.280629158020019531e-01
4.140390455722808838e-01
4.074939489364624023e-01
4.119738340377807617e-01
4.058818221092224121e-01
3.858948051929473877e-01
4.138620793819427490e-01
4.166313111782073975e-01
3.901640772819519043e-01
4.149505198001861572e-01
4.126555323600769043e-01
4.006023705005645752e-01
3.933234214782714844e-01
3.692460060119628906e-01
3.708142042160034180e-01
3.669098019599914551e-01
3.927800655364990234e-01
3.791661262512207031e-01
3.858733773231506348e-01
4.279395639896392822e-01
3.861619532108306885e-01
4.065960645675659180e-01
3.582723736763000488e-01
3.688455522060394287e-01
3.649383783340454102e-01
3.805721402168273926e-01
3.773358464241027832e-01
