7.216563820838928223e-01
7.181454300880432129e-01
7.145907282829284668e-01
7.139657735824584961e-01
7.110686898231506348e-01
7.071515321731567383e-01
7.046942114830017090e-01
7.022715806961059570e-01
6.993646621704101562e-01
6.966941356658935547e-01
6.935783624649047852e-01
6.905125975608825684e-01
6.867463588714599609e-01
6.849950551986694336e-01
6.811525225639343262e-01
6.757534742355346680e-01
6.751523017883300781e-01
6.675480008125305176e-01
6.689853668212890625e-01
6.588367223739624023e-01
6.559069156646728516e-01
6.497752666473388672e-01
6.427606940269470215e-01
6.352491974830627441e-01
6.386555433273315430e-01
6.200202703475952148e-01
6.213761568069458008e-01
6.128378510475158691e-01
6.088176965713500977e-01
6.016525030136108398e-01
5.841416120529174805e-01
5.863653421401977539e-01
5.906381607055664062e-01
5.875679254531860352e-01
6.088063716888427734e-01
5.955060124397277832e-01
5.854718685150146484e-01
5.979824066162109375e-01
6.058093905448913574e-01
5.845662951469421387e-01
5.652064681053161621e-01
6.023864746093750000e-01
5.789258480072021484e-01
5.908153057098388672e-01
5.843583345413208008e-01
5.919153690338134766e-01
5.730162858963012695e-01
5.625870227813720703e-01
5.801073908805847168e-01
5.720853805541992188e-01
5.686148405075073242e-01
5.772045850753784180e-01
5.830427408218383789e-01
5.791581273078918457e-01
5.639751553535461426e-01
5.682406425476074219e-01
5.796704888343811035e-01
5.863422155380249023e-01
5.574885010719299316e-01
5.619482994079589844e-01
5.600522756576538086e-01
5.579150319099426270e-01
5.775181055068969727e-01
5.598039031028747559e-01
5.703086853027343750e-01
5.523426532745361328e-01
5.634258389472961426e-01
5.446829795837402344e-01
5.423055887222290039e-01
5.434485673904418945e-01
5.626634359359741211e-01
5.772379040718078613e-01
5.327046513557434082e-01
5.580650568008422852e-01
5.539523363113403320e-01
5.409198999404907227e-01
5.425146818161010742e-01
5.475103259086608887e-01
5.440593957901000977e-01
5.505026578903198242e-01
5.397204160690307617e-01
5.422078371047973633e-01
5.116361379623413086e-01
5.205883979797363281e-01
5.291614532470703125e-01
5.049456357955932617e-01
5.111091732978820801e-01
5.194157361984252930e-01
5.531497597694396973e-01
5.236055254936218262e-01
5.095380544662475586e-01
5.277738571166992188e-01
5.041563510894775391e-01
5.139735937118530273e-01
4.950979948043823242e-01
5.081776976585388184e-01
5.012800693511962891e-01
4.995440244674682617e-01
4.850230216979980469e-01
5.037853121757507324e-01
4.925641119480133057e-01
4.859825968742370605e-01
4.898590445518493652e-01
4.684874415397644043e-01
4.953522086143493652e-01
4.662434756755828857e-01
4.694247841835021973e-01
4.884149432182312012e-01
4.676870405673980713e-01
4.726060628890991211e-01
4.706385731697082520e-01
4.534626007080078125e-01
4.627491235733032227e-01
4.671300649642944336e-01
4.417080283164978027e-01
4.693945646286010742e-01
4.483560919761657715e-01
4.345017075538635254e-01
4.545410275459289551e-01
4.616603553295135498e-01
4.498958587646484375e-01
4.478991925716400146e-01
4.359577298164367676e-01
4.179547727108001709e-01
4.263360500335693359e-01
4.493583738803863525e-01
4.430649876594543457e-01
4.001536965370178223e-01
4.263690114021301270e-01
4.336421787738800049e-01
4.239686131477355957e-01
4.228172600269317627e-01
4.117268919944763184e-01
4.097540974617004395e-01
4.173581004142761230e-01
4.063589274883270264e-01
4.087116718292236328e-01
4.167792797088623047e-01
3.985457122325897217e-01
4.251990318298339844e-01
4.006120562553405762e-01
4.209266901016235352e-01
3.532411456108093262e-01
3.972451388835906982e-01
4.071816802024841309e-01
3.829417228698730469e-01
3.814855217933654785e-01
3.843884766101837158e-01
3.755673170089721680e-01
4.156185090541839600e-01
3.869290351867675781e-01
3.927019238471984863e-01
3.680829405784606934e-01
3.700098395347595215e-01
3.647701740264892578e-01
3.707279860973358154e-01
3.683457970619201660e-01
3.903514146804809570e-01
3.551232814788818359e-01
3.565763831138610840e-01
3.578333854675292969e-01
3.737120926380157471e-01
3.639389276504516602e-01
3.454131484031677246e-01
3.705510497093200684e-01
3.334097862243652344e-01
3.445468842983245850e-01
3.801789879798889160e-01
3.338283300399780273e-01
3.433912396430969238e-01
3.526024222373962402e-01
3.381607830524444580e-01
3.297185897827148438e-01
3.801033198833465576e-01
3.399708271026611328e-01
3.210822939872741699e-01
3.400483727455139160e-01
3.493373990058898926e-01
3.350256383419036865e-01
3.452652394771575928e-01
